29.573134
29.573134
29.573134
29.573134
29.573134
29.573134
29.573134
29.573134
29.573134
29.573134
29.573134
29.573134
29.573134
29.573134
29.573134
29.573134
29.573134
29.573134
29.573134
29.573134
29.573134
31.171228
26.152658
20.795561
31.023924
29.573134
29.573134
29.573134
29.573134
29.573134
29.573134
29.573134
29.573134
29.573134
29.573134
29.573134
29.573134
29.573134
29.573134
29.573134
29.573134
29.573134
29.573134
29.573134
29.573134
29.573134
29.573134
29.573134
29.573134
29.573134
29.573134
29.573134
29.573134
29.573134
29.573134
29.573134
29.573134
29.573134
29.573134
29.573134
29.573134
29.573134
29.573134
29.573134
29.573134
29.573134
29.573134
29.573134
29.573134
29.573134
29.573134
29.573134
29.573134
29.573134
29.573134
29.573134
29.573134
29.573134
29.573134
1.740220
-3.415430
15.975394
3.566075
19.930776
35.073972
30.463152
29.125133
29.573134
29.573134
29.573134
29.573134
29.573134
29.573134
29.573134
29.573134
29.573134
29.573134
29.573134
29.573134
29.573134
29.573134
29.573134
29.573134
29.573134
29.573134
29.573134
29.573134
29.573134
29.573134
29.573134
29.573134
29.573134
29.573134
29.573134
29.573134
29.573134
29.573134
29.573134
29.573134
29.573134
29.573134
29.573134
29.573134
29.573134
29.573134
29.573134
29.573134
29.573134
29.573134
29.573134
29.573134
29.573134
29.573134
29.573134
29.573134
29.573134
26.914619
26.593590
34.106930
20.795561
19.344771
29.573134
29.573134
29.573134
29.573134
29.573134
29.573134
29.573134
29.573134
29.573134
29.573134
29.573134
29.573134
29.573134
29.573134
29.573134
29.573134
29.573134
29.573134
29.573134
29.573134
29.573134
29.573134
29.573134
29.573134
29.573134
29.573134
29.573134
29.573134
29.573134
29.573134
29.573134
29.573134
29.573134
29.573134
29.573134
29.573134
29.573134
29.573134
29.573134
29.573134
29.573134
29.573134
29.573134
29.573134
29.573134
29.573134
29.573134
29.573134
29.573134
29.573134
29.573134
29.573134
-5.639297
15.726734
1.358413
16.865055
-0.428250
34.099860
29.573134
